1.14.2
X:
 [[1. 0. 1. 0.]
 [1. 0. 1. 1.]
 [0. 1. 0. 1.]] 
----
 Y:
 [[1]
 [1]
 [0]]
wh:
 [[0.8  0.72 0.02]
 [0.87 0.89 0.83]
 [0.07 0.48 0.07]
 [0.18 0.81 0.32]] 
----
 bh:
 [0.06 0.96 0.12] 
----
wout:
 [[0.91]
 [0.46]
 [0.56]] 
----
 bout:
 [0.29] 
----
-----------------------------
epoch: 1 
-----------------------------
hidden_layer_input:
 [[0.93 2.16 0.21]
 [1.11 2.97 0.53]
 [1.11 2.66 1.27]] 
-----
hidden_layer_activations
 [[0.71707529 0.89659955 0.55230791]
 [0.75212911 0.95120028 0.62948311]
 [0.75212911 0.93462467 0.78074275]] 
-----
output_layer_input:
 [[1.66426673]
 [1.76450016]
 [1.84158078]] 
-----
output: 
 [[0.84080993]
 [0.85377238]
 [0.86313556]] 
-----
Error
 [[ 0.15919007]
 [ 0.14622762]
 [-0.86313556]] 
-----
slope_output_layer:
 [[0.13384859]
 [0.1248451 ]
 [0.11813257]] 
-----
slope_hidden_layer:
 [[0.20287832 0.0927088  0.24726388]
 [0.18643091 0.04641831 0.23323412]
 [0.18643091 0.0611014  0.17118351]] 
-----
d_output:
 [[ 0.02130737]
 [ 0.0182558 ]
 [-0.10196442]] 
-----
error_at_hidden_layer:
 [[ 0.0193897   0.00980139  0.01193213]
 [ 0.01661278  0.00839767  0.01022325]
 [-0.09278762 -0.04690363 -0.05710008]] 
-----
d_hidden_layer:
 [[ 0.00393375  0.00090867  0.00295038]
 [ 0.00309714  0.00038981  0.00238441]
 [-0.01729848 -0.00286588 -0.00977459]] 
-----
wout: 
 [[0.8623193 ]
 [0.40117064]
 [0.50365197]] 
-----
wh:
 [[0.80703089 0.72129848 0.02533479]
 [0.85270152 0.88713412 0.82022541]
 [0.07703089 0.48129848 0.07533479]
 [0.16579865 0.80752393 0.31260982]] 
-----
bout:
 [0.22759875] 
-----
bh:
 [0.04973241 0.9584326  0.1155602 ] 
-----
