1.14.2
X:
 [[1. 0. 1. 0.]
 [1. 0. 1. 1.]
 [0. 1. 0. 1.]] 
----
 Y:
 [[1]
 [1]
 [0]]
wh:
 [[0.80094945 0.72260584 0.02410985]
 [0.87161994 0.88650566 0.83155871]
 [0.07516735 0.47811999 0.00597381]
 [0.18413886 0.80657881 0.32142953]] 
----
 bh:
 [[0.06261749 0.95508396 0.11891993]] 
----
wout:
 [[0.9055682 ]
 [0.46101851]
 [0.56055861]] 
----
 bout:
 [0.28766981] 
----
-----------------------------
epoch: 1 
-----------------------------
hidden_layer_input:
 [[0.93873429 2.15580979 0.14900359]
 [1.12287315 2.9623886  0.47043312]
 [1.11837629 2.64816843 1.27190817]] 
-----
hidden_layer_activations
 [[0.71884392 0.89621043 0.53718213]
 [0.75452127 0.95084575 0.61548626]
 [0.75368741 0.93389801 0.78106922]] 
-----
output_layer_input:
 [[1.65292368]
 [1.7543139 ]
 [1.83856452]] 
-----
output: 
 [[0.8392858 ]
 [0.85249609]
 [0.86277885]] 
-----
Error
 [[ 0.1607142 ]
 [ 0.14750391]
 [-0.86277885]] 
-----
slope_output_layer:
 [[0.13488514]
 [0.12574651]
 [0.11839151]] 
-----
slope_hidden_layer:
 [[0.20210734 0.09301729 0.24861749]
 [0.18521892 0.04673811 0.23666292]
 [0.1856427  0.06173251 0.17100009]] 
-----
d_output:
 [[ 0.00021678]
 [ 0.00018548]
 [-0.00102146]] 
-----
error_at_hidden_layer:
 [[ 1.96308692e-04  9.99393980e-05  1.21517658e-04]
 [ 1.67965718e-04  8.55101859e-05  1.03972985e-04]
 [-9.24998881e-04 -4.70910535e-04 -5.72586453e-04]] 
-----
d_hidden_layer:
 [[ 3.96754274e-05  9.29609224e-06  3.02114151e-05]
 [ 3.11104296e-05  3.99658422e-06  2.46065505e-05]
 [-1.71719287e-04 -2.90704914e-05 -9.79123368e-05]] 
-----
wout: 
 [[0.90556346]
 [0.46101268]
 [0.56055294]] 
-----
wh:
 [[0.80095016 0.72260597 0.0241104 ]
 [0.87161822 0.88650537 0.83155774]
 [0.07516806 0.47812012 0.00597436]
 [0.18413745 0.80657856 0.32142879]] 
-----
bout:
 [0.28766362] 
-----
bh:
 [[0.06261648 0.9550838  0.1189195 ]] 
-----